2019|6|20	12:1:8|000	1560999668.0|000	37.548650000000	126.923000000000
2019|6|20	12:1:8|000	1561000394.0|000	37.548685000000	126.923080000000
2019|6|20	12:1:8|000	1561000478.0|000	37.548650000000	126.922998333333
2019|6|20	12:1:8|000	1561001181.0|000	37.548641666667	126.922753333333
2019|6|20	12:1:8|000	1561001184.0|000	37.548695000000	126.922683333333
2019|6|20	12:1:8|000	1561001194.0|000	37.548735000000	126.922763333333
2019|6|20	12:1:8|000	1561001208.0|000	37.548733333333	126.922858333333
2019|6|20	12:1:8|000	1561001214.0|000	37.548691666667	126.922940000000
2019|6|20	12:1:8|000	1561001506.0|000	37.548730000000	126.923031666667
2019|6|20	12:1:8|000	1561001563.0|000	37.548756666667	126.923118333333
2019|6|20	12:1:8|000	1561001581.0|000	37.548833333333	126.923118333333
2019|6|20	12:1:8|000	1561001590.0|000	37.548906666667	126.923133333333
2019|6|20	12:1:8|000	1561001594.0|000	37.548973333333	126.923171666667
2019|6|20	12:1:8|000	1561001598.0|000	37.549033333333	126.923225000000
2019|6|20	12:1:8|000	1561001618.0|000	37.549053333333	126.923318333333
2019|6|20	12:1:8|000	1561001623.0|000	37.549031666667	126.923406666667
2019|6|20	12:1:8|000	1561001630.0|000	37.548995000000	126.923490000000
2019|6|20	12:1:8|000	1561001640.0|000	37.548980000000	126.923581666667
2019|6|20	12:1:8|000	1561001646.0|000	37.548970000000	126.923680000000
2019|6|20	12:1:8|000	1561001655.0|000	37.548948333333	126.923780000000
2019|6|20	12:1:8|000	1561001664.0|000	37.548956666667	126.923873333333
2019|6|20	12:1:8|000	1561001674.0|000	37.548925000000	126.923968333333
2019|6|20	12:1:8|000	1561001685.0|000	37.548920000000	126.924063333333
2019|6|20	12:1:8|000	1561001692.0|000	37.548973333333	126.924133333333
2019|6|20	12:1:8|000	1561001699.0|000	37.549036666667	126.924178333333
2019|6|20	12:1:8|000	1561001708.0|000	37.549096666667	126.924240000000
2019|6|20	12:1:8|000	1561001718.0|000	37.549170000000	126.924235000000
2019|6|20	12:1:8|000	1561001728.0|000	37.549238333333	126.924271666667
2019|6|20	12:1:8|000	1561001736.0|000	37.549311666667	126.924276666667
2019|6|20	12:1:8|000	1561001746.0|000	37.549381666667	126.924300000000
2019|6|20	12:1:8|000	1561001763.0|000	37.549428333333	126.924391666667
2019|6|20	12:1:8|000	1561001767.0|000	37.549443333333	126.924495000000
2019|6|20	12:1:8|000	1561001773.0|000	37.549443333333	126.924586666667
2019|6|20	12:1:8|000	1561001779.0|000	37.549461666667	126.924680000000
2019|6|20	12:1:8|000	1561001787.0|000	37.549463333333	126.924776666667
2019|6|20	12:1:8|000	1561001796.0|000	37.549450000000	126.924873333333
2019|6|20	12:1:8|000	1561001813.0|000	37.549388333333	126.924920000000
2019|6|20	12:1:8|000	1561001833.0|000	37.549561666667	126.924645000000
2019|6|20	12:1:8|000	1561001834.0|000	37.549668333333	126.924565000000
2019|6|20	12:1:8|000	1561001840.0|000	37.549618333333	126.924500000000
2019|6|20	12:1:8|000	1561001892.0|000	37.549660000000	126.924573333333
2019|6|20	12:1:8|000	1561001898.0|000	37.549600000000	126.924496666667
2019|6|20	12:1:8|000	1561001911.0|000	37.549660000000	126.924571666667
2019|6|20	12:1:8|000	1561001921.0|000	37.550141666667	126.923895000000
2019|6|20	12:1:8|000	1561001922.0|000	37.549958333333	126.923915000000
2019|6|20	12:1:8|000	1561001924.0|000	37.549951666667	126.924048333333
2019|6|20	12:1:8|000	1561001926.0|000	37.549983333333	126.924140000000
2019|6|20	12:1:8|000	1561001927.0|000	37.549970000000	126.924240000000
2019|6|20	12:1:8|000	1561001929.0|000	37.549955000000	126.924358333333
2019|6|20	12:1:8|000	1561001935.0|000	37.549941666667	126.924456666667
2019|6|20	12:1:8|000	1561001945.0|000	37.549963333333	126.924365000000
2019|6|20	12:1:8|000	1561001958.0|000	37.549663333333	126.924603333333
2019|6|20	12:1:8|000	1561001961.0|000	37.549573333333	126.924675000000
2019|6|20	12:1:8|000	1561001978.0|000	37.549650000000	126.924606666667
2019|6|20	12:1:8|000	1561002002.0|000	37.549576666667	126.924601666667
2019|6|20	12:1:8|000	1561002014.0|000	37.550073333333	126.926061666667
2019|6|20	12:1:8|000	1561002015.0|000	37.550060000000	126.925963333333
2019|6|20	12:1:8|000	1561002017.0|000	37.550055000000	126.925791666667
2019|6|20	12:1:8|000	1561002018.0|000	37.550080000000	126.925648333333
2019|6|20	12:1:8|000	1561002021.0|000	37.550080000000	126.925540000000
2019|6|20	12:1:8|000	1561002024.0|000	37.550041666667	126.925453333333
2019|6|20	12:1:8|000	1561002027.0|000	37.550023333333	126.925341666667
2019|6|20	12:1:8|000	1561002028.0|000	37.550013333333	126.925250000000
2019|6|20	12:1:8|000	1561002048.0|000	37.549673333333	126.924568333333
2019|6|20	12:1:8|000	1561002051.0|000	37.549598333333	126.924420000000
2019|6|20	12:1:8|000	1561002060.0|000	37.549431666667	126.924086666667
2019|6|20	12:1:8|000	1561002066.0|000	37.549328333333	126.923881666667
2019|6|20	12:1:8|000	1561002073.0|000	37.549641666667	126.924566666667
2019|6|20	12:1:8|000	1561002118.0|000	37.549581666667	126.924463333333
2019|6|20	12:1:8|000	1561002126.0|000	37.549666666667	126.924561666667
2019|6|20	12:1:8|000	1561002170.0|000	37.549611666667	126.924495000000
2019|6|20	12:1:8|000	1561002184.0|000	37.549665000000	126.924558333333
2019|6|20	12:1:8|000	1561002224.0|000	37.549593333333	126.924451666667
2019|6|20	12:1:8|000	1561002225.0|000	37.549620000000	126.924541666667
2019|6|20	12:1:8|000	1561003429.0|000	37.549575000000	126.924446666667
2019|6|20	12:1:8|000	1561003493.0|000	37.549665000000	126.924558333333
2019|6|20	12:1:8|000	1561003501.0|000	37.549730000000	126.924640000000
2019|6|20	12:1:8|000	1561003502.0|000	37.549623333333	126.924536666667
2019|6|20	12:1:8|000	1561003509.0|000	37.549575000000	126.924455000000
2019|6|20	12:1:8|000	1561003517.0|000	37.549653333333	126.924545000000
2019|6|20	12:1:8|000	1561003525.0|000	37.549585000000	126.924471666667
2019|6|20	12:1:8|000	1561003553.0|000	37.549666666667	126.924560000000
2019|6|20	12:1:8|000	1561003561.0|000	37.549571666667	126.924450000000
2019|6|20	12:1:8|000	1561003569.0|000	37.549623333333	126.924518333333
2019|6|20	12:1:8|000	1561003711.0|000	37.549671666667	126.924593333333
2019|6|20	12:1:8|000	1561003719.0|000	37.549603333333	126.924486666667
2019|6|20	12:1:8|000	1561003725.0|000	37.549660000000	126.924570000000
2019|6|20	12:1:8|000	1561003775.0|000	37.549610000000	126.924498333333
2019|6|20	12:1:8|000	1561003813.0|000	37.549671666667	126.924565000000
2019|6|20	12:1:8|000	1561003854.0|000	37.549610000000	126.924501666667
2019|6|20	12:1:8|000	1561003860.0|000	37.549668333333	126.924561666667
2019|6|20	12:1:8|000	1561004148.0|000	37.549603333333	126.924486666667
2019|6|20	12:1:8|000	1561004172.0|000	37.549661666667	126.924573333333
2019|6|20	12:1:8|000	1561004263.0|000	37.549605000000	126.924488333333
2019|6|20	12:1:8|000	1561004337.0|000	37.549668333333	126.924563333333
2019|6|20	12:1:8|000	1561004351.0|000	37.549596666667	126.924505000000
2019|6|20	12:1:8|000	1561004359.0|000	37.549666666667	126.924593333333
2019|6|20	12:1:8|000	1561004380.0|000	37.549625000000	126.924510000000
2019|6|20	12:1:8|000	1561004503.0|000	37.549665000000	126.924591666667
2019|6|20	12:1:8|000	1561004522.0|000	37.549598333333	126.924481666667
2019|6|20	12:1:8|000	1561004554.0|000	37.549670000000	126.924566666667
2019|6|20	12:1:8|000	1561004578.0|000	37.549606666667	126.924508333333
2019|6|20	12:1:8|000	1561004584.0|000	37.549670000000	126.924565000000
2019|6|20	12:1:8|000	1561004706.0|000	37.549616666667	126.924501666667
2019|6|20	12:1:8|000	1561004757.0|000	37.549671666667	126.924566666667
2019|6|20	12:1:8|000	1561004834.0|000	37.549616666667	126.924496666667
2019|6|20	12:1:8|000	1561004860.0|000	37.549671666667	126.924565000000
2019|6|20	12:1:8|000	1561004897.0|000	37.549605000000	126.924486666667
2019|6|20	12:1:8|000	1561004930.0|000	37.549668333333	126.924563333333
2019|6|20	12:1:8|000	1561004972.0|000	37.549600000000	126.924480000000
2019|6|20	12:1:8|000	1561004984.0|000	37.549660000000	126.924550000000
2019|6|20	12:1:8|000	1561005155.0|000	37.549601666667	126.924483333333
2019|6|20	12:1:8|000	1561005161.0|000	37.549668333333	126.924561666667
2019|6|20	12:1:8|000	1561005197.0|000	37.549595000000	126.924470000000
2019|6|20	12:1:8|000	1561005203.0|000	37.549641666667	126.924558333333
2019|6|20	12:1:8|000	1561005615.0|000	37.549565000000	126.924441666667
2019|6|20	12:1:8|000	1561005623.0|000	37.549616666667	126.924520000000
2019|6|20	12:1:8|000	1561005629.0|000	37.549665000000	126.924591666667
2019|6|20	12:1:8|000	1561005641.0|000	37.549625000000	126.924510000000
2019|6|20	12:1:8|000	1561005652.0|000	37.549671666667	126.924590000000
2019|6|20	12:1:8|000	1561005664.0|000	37.549605000000	126.924486666667
2019|6|20	12:1:8|000	1561005670.0|000	37.549661666667	126.924586666667
2019|6|20	12:1:8|000	1561005741.0|000	37.549616666667	126.924508333333
2019|6|20	12:1:8|000	1561005750.0|000	37.549656666667	126.924590000000
2019|6|20	12:1:8|000	1561005790.0|000	37.549620000000	126.924510000000
2019|6|20	12:1:8|000	1561005841.0|000	37.549666666667	126.924593333333
2019|6|20	12:1:8|000	1561005877.0|000	37.549618333333	126.924523333333
2019|6|20	12:1:8|000	1561005883.0|000	37.549673333333	126.924610000000
2019|6|20	12:1:8|000	1561005903.0|000	37.549603333333	126.924485000000
2019|6|20	12:1:8|000	1561005916.0|000	37.549670000000	126.924566666667
2019|6|20	12:1:8|000	1561005960.0|000	37.549618333333	126.924501666667
2019|6|20	12:1:8|000	1561005982.0|000	37.549671666667	126.924566666667
2019|6|20	12:1:8|000	1561006019.0|000	37.549616666667	126.924506666667
2019|6|20	12:1:8|000	1561006038.0|000	37.549665000000	126.924578333333
2019|6|20	12:1:8|000	1561006224.0|000	37.549596666667	126.924478333333
2019|6|20	12:1:8|000	1561006267.0|000	37.550140000000	126.923593333333
2019|6|20	12:1:8|000	1561006268.0|000	37.550208333333	126.923545000000
2019|6|20	12:1:8|000	1561006270.0|000	37.550143333333	126.923661666667
2019|6|20	12:1:8|000	1561006271.0|000	37.550086666667	126.923808333333
2019|6|20	12:1:8|000	1561006272.0|000	37.550011666667	126.923990000000
2019|6|20	12:1:8|000	1561006273.0|000	37.549903333333	126.924155000000
2019|6|20	12:1:8|000	1561006274.0|000	37.549881666667	126.924243333333
2019|6|20	12:1:8|000	1561006275.0|000	37.549863333333	126.924363333333
2019|6|20	12:1:8|000	1561006277.0|000	37.549891666667	126.924495000000
2019|6|20	12:1:8|000	1561006280.0|000	37.549903333333	126.924585000000
2019|6|20	12:1:8|000	1561006303.0|000	37.549825000000	126.924541666667
2019|6|20	12:1:8|000	1561006328.0|000	37.549785000000	126.924458333333
2019|6|20	12:1:8|000	1561006334.0|000	37.549783333333	126.924361666667
2019|6|20	12:1:8|000	1561006348.0|000	37.549743333333	126.924280000000
2019|6|20	12:1:8|000	1561006355.0|000	37.549665000000	126.924276666667
2019|6|20	12:1:8|000	1561006359.0|000	37.549601666667	126.924220000000
2019|6|20	12:1:8|000	1561006367.0|000	37.549516666667	126.924226666667
2019|6|20	12:1:8|000	1561006410.0|000	37.549581666667	126.924185000000
2019|6|20	12:1:8|000	1561006418.0|000	37.549655000000	126.924173333333
2019|6|20	12:1:8|000	1561006434.0|000	37.549735000000	126.924155000000
2019|6|20	12:1:8|000	1561006442.0|000	37.549815000000	126.924165000000
2019|6|20	12:1:8|000	1561006454.0|000	37.549891666667	126.924151666667
2019|6|20	12:1:8|000	1561006465.0|000	37.549963333333	126.924195000000
2019|6|20	12:1:8|000	1561006470.0|000	37.550038333333	126.924218333333
2019|6|20	12:1:8|000	1561006492.0|000	37.550115000000	126.924211666667
2019|6|20	12:1:8|000	1561006500.0|000	37.550188333333	126.924200000000
2019|6|20	12:1:8|000	1561006514.0|000	37.550261666667	126.924176666667
2019|6|20	12:1:8|000	1561006521.0|000	37.550336666667	126.924186666667
2019|6|20	12:1:8|000	1561006529.0|000	37.550410000000	126.924176666667
2019|6|20	12:1:8|000	1561006542.0|000	37.550481666667	126.924161666667
2019|6|20	12:1:8|000	1561006549.0|000	37.550551666667	126.924203333333
2019|6|20	12:1:8|000	1561006557.0|000	37.550635000000	126.924226666667
2019|6|20	12:1:8|000	1561006564.0|000	37.550711666667	126.924250000000
2019|6|20	12:1:8|000	1561006572.0|000	37.550791666667	126.924228333333
2019|6|20	12:1:8|000	1561006574.0|000	37.550865000000	126.924171666667
2019|6|20	12:1:8|000	1561006585.0|000	37.550936666667	126.924195000000
2019|6|20	12:1:8|000	1561006592.0|000	37.551000000000	126.924243333333
2019|6|20	12:1:8|000	1561006603.0|000	37.551076666667	126.924258333333
2019|6|20	12:1:8|000	1561006611.0|000	37.551141666667	126.924211666667
2019|6|20	12:1:8|000	1561006624.0|000	37.551206666667	126.924133333333
2019|6|20	12:1:8|000	1561006649.0|000	37.551220000000	126.924041666667
2019|6|20	12:1:8|000	1561006657.0|000	37.551168333333	126.923968333333
2019|6|20	12:1:8|000	1561006663.0|000	37.551110000000	126.923905000000
2019|6|20	12:1:8|000	1561006668.0|000	37.551021666667	126.923861666667
2019|6|20	12:1:8|000	1561006683.0|000	37.550941666667	126.923856666667
2019|6|20	12:1:8|000	1561006696.0|000	37.550876666667	126.923813333333
2019|6|20	12:1:8|000	1561006703.0|000	37.550918333333	126.923735000000
2019|6|20	12:1:8|000	1561006733.0|000	37.550861666667	126.923676666667
2019|6|20	12:1:8|000	1561006760.0|000	37.550793333333	126.923640000000
2019|6|20	12:1:8|000	1561006791.0|000	37.550665000000	126.923641666667
2019|6|20	12:1:8|000	1561006794.0|000	37.550663333333	126.923541666667
2019|6|20	12:1:8|000	1561006796.0|000	37.550641666667	126.923426666667
2019|6|20	12:1:8|000	1561006798.0|000	37.550625000000	126.923311666667
2019|6|20	12:1:8|000	1561006800.0|000	37.550610000000	126.923196666667
2019|6|20	12:1:8|000	1561006815.0|000	37.550821666667	126.923590000000
2019|6|20	12:1:8|000	1561009367.0|000	37.550756666667	126.923551666667
2019|6|20	12:1:8|000	1561009466.0|000	37.550795000000	126.923716666667
2019|6|20	12:1:8|000	1561009472.0|000	37.550725000000	126.923640000000
2019|6|20	12:1:8|000	1561009491.0|000	37.550706666667	126.923766666667
2019|6|20	12:1:8|000	1561009496.0|000	37.550711666667	126.923650000000
2019|6|20	12:1:8|000	1561009497.0|000	37.550710000000	126.923758333333
2019|6|20	12:1:8|000	1561009503.0|000	37.550713333333	126.923640000000
2019|6|20	12:1:8|000	1561009514.0|000	37.550728333333	126.923753333333
2019|6|20	12:1:8|000	1561009547.0|000	37.550798333333	126.923685000000
2019|6|20	12:1:8|000	1561009560.0|000	37.550781666667	126.923540000000
2019|6|20	12:1:8|000	1561009572.0|000	37.550783333333	126.923381666667
2019|6|20	12:1:8|000	1561009574.0|000	37.551833333333	126.923403333333
2019|6|20	12:1:8|000	1561009575.0|000	37.551771666667	126.923465000000
2019|6|20	12:1:8|000	1561009576.0|000	37.551635000000	126.923445000000
2019|6|20	12:1:8|000	1561009577.0|000	37.551456666667	126.923421666667
2019|6|20	12:1:8|000	1561009578.0|000	37.551350000000	126.923450000000
2019|6|20	12:1:8|000	1561009579.0|000	37.551235000000	126.923480000000
2019|6|20	12:1:8|000	1561009582.0|000	37.551146666667	126.923476666667
2019|6|20	12:1:8|000	1561009587.0|000	37.551065000000	126.923498333333
2019|6|20	12:1:8|000	1561009604.0|000	37.550996666667	126.923523333333
2019|6|20	12:1:8|000	1561009611.0|000	37.550973333333	126.923611666667
2019|6|20	12:1:8|000	1561009622.0|000	37.550981666667	126.923705000000
2019|6|20	12:1:8|000	1561009627.0|000	37.551020000000	126.923788333333
2019|6|20	12:1:8|000	1561009637.0|000	37.551065000000	126.923871666667
2019|6|20	12:1:8|000	1561009644.0|000	37.551130000000	126.923940000000
2019|6|20	12:1:8|000	1561009655.0|000	37.551195000000	126.923993333333
2019|6|20	12:1:8|000	1561009662.0|000	37.551250000000	126.924061666667
2019|6|20	12:1:8|000	1561009687.0|000	37.551193333333	126.924125000000
2019|6|20	12:1:8|000	1561009696.0|000	37.551125000000	126.924160000000
2019|6|20	12:1:8|000	1561009700.0|000	37.551048333333	126.924166666667
2019|6|20	12:1:8|000	1561009705.0|000	37.550976666667	126.924175000000
2019|6|20	12:1:8|000	1561009711.0|000	37.550895000000	126.924166666667
2019|6|20	12:1:8|000	1561009721.0|000	37.550828333333	126.924203333333
2019|6|20	12:1:8|000	1561009731.0|000	37.550750000000	126.924205000000
2019|6|20	12:1:8|000	1561009739.0|000	37.550671666667	126.924166666667
2019|6|20	12:1:8|000	1561009745.0|000	37.550600000000	126.924183333333
2019|6|20	12:1:8|000	1561009763.0|000	37.550516666667	126.924173333333
2019|6|20	12:1:8|000	1561009770.0|000	37.550433333333	126.924176666667
2019|6|20	12:1:8|000	1561009780.0|000	37.550356666667	126.924175000000
2019|6|20	12:1:8|000	1561009785.0|000	37.550281666667	126.924170000000
2019|6|20	12:1:8|000	1561009791.0|000	37.550205000000	126.924160000000
2019|6|20	12:1:8|000	1561009799.0|000	37.550131666667	126.924160000000
2019|6|20	12:1:8|000	1561009810.0|000	37.550058333333	126.924186666667
2019|6|20	12:1:8|000	1561009815.0|000	37.549971666667	126.924208333333
2019|6|20	12:1:8|000	1561009821.0|000	37.549898333333	126.924216666667
2019|6|20	12:1:8|000	1561009830.0|000	37.549813333333	126.924181666667
2019|6|20	12:1:8|000	1561009839.0|000	37.549726666667	126.924155000000
2019|6|20	12:1:8|000	1561009851.0|000	37.549655000000	126.924200000000
2019|6|20	12:1:8|000	1561009860.0|000	37.549580000000	126.924230000000
2019|6|20	12:1:8|000	1561009869.0|000	37.549520000000	126.924296666667
2019|6|20	12:1:8|000	1561009876.0|000	37.549438333333	126.924318333333
2019|6|20	12:1:8|000	1561009882.0|000	37.549365000000	126.924291666667
2019|6|20	12:1:8|000	1561009894.0|000	37.549290000000	126.924308333333
2019|6|20	12:1:8|000	1561009906.0|000	37.549211666667	126.924283333333
2019|6|20	12:1:8|000	1561009914.0|000	37.549133333333	126.924251666667
2019|6|20	12:1:8|000	1561009919.0|000	37.549055000000	126.924216666667
2019|6|20	12:1:8|000	1561009929.0|000	37.548986666667	126.924181666667
2019|6|20	12:1:8|000	1561009937.0|000	37.548911666667	126.924228333333
2019|6|20	12:1:8|000	1561009946.0|000	37.548918333333	126.924126666667
2019|6|20	12:1:8|000	1561009950.0|000	37.548953333333	126.924035000000
2019|6|20	12:1:8|000	1561009956.0|000	37.548976666667	126.923945000000
2019|6|20	12:1:8|000	1561009963.0|000	37.548986666667	126.923845000000
2019|6|20	12:1:8|000	1561009971.0|000	37.549031666667	126.923771666667
2019|6|20	12:1:8|000	1561009984.0|000	37.549026666667	126.923673333333
2019|6|20	12:1:8|000	1561009989.0|000	37.549011666667	126.923580000000
2019|6|20	12:1:8|000	1561009995.0|000	37.549018333333	126.923475000000
2019|6|20	12:1:8|000	1561010004.0|000	37.549046666667	126.923391666667
2019|6|20	12:1:8|000	1561010009.0|000	37.549063333333	126.923295000000
2019|6|20	12:1:8|000	1561010017.0|000	37.549075000000	126.923203333333
2019|6|20	12:1:8|000	1561010043.0|000	37.549000000000	126.923161666667
2019|6|20	12:1:8|000	1561010049.0|000	37.548930000000	126.923135000000
2019|6|20	12:1:8|000	1561010059.0|000	37.548858333333	126.923085000000
2019|6|20	12:1:8|000	1561010063.0|000	37.548780000000	126.923078333333
2019|6|20	12:1:8|000	1561010070.0|000	37.548705000000	126.923070000000
2019|6|20	12:1:8|000	1561010075.0|000	37.548636666667	126.923038333333
2019|6|20	12:1:8|000	1561010082.0|000	37.548566666667	126.922993333333
2019|6|20	12:1:8|000	1561010087.0|000	37.548491666667	126.922980000000
2019|6|20	12:1:8|000	1561010094.0|000	37.548420000000	126.922956666667
2019|6|20	12:1:8|000	1561010102.0|000	37.548338333333	126.922960000000
2019|6|20	12:1:8|000	1561010108.0|000	37.548260000000	126.922953333333
2019|6|20	12:1:8|000	1561010113.0|000	37.548171666667	126.922931666667
2019|6|20	12:1:8|000	1561010119.0|000	37.548101666667	126.922876666667
2019|6|20	12:1:8|000	1561010124.0|000	37.548025000000	126.922831666667
2019|6|20	12:1:8|000	1561010130.0|000	37.547940000000	126.922811666667
2019|6|20	12:1:8|000	1561010136.0|000	37.547891666667	126.922896666667
2019|6|20	12:1:8|000	1561010144.0|000	37.547816666667	126.922891666667
2019|6|20	12:1:8|000	1561010163.0|000	37.547898333333	126.922863333333
2019|6|20	12:1:8|000	1561010185.0|000	37.547696666667	126.923041666667
2019|6|20	12:1:8|000	1561010971.0|000	37.548005000000	126.941730000000
2019|6|20	12:1:8|000	1561010972.0|000	37.548006666667	126.941841666667
2019|6|20	12:1:8|000	1561010987.0|000	37.548008333333	126.941940000000
